0.10748333333333333 
0.108 
0.10943333333333333 
0.10978333333333333 
0.11191666666666666 
0.11428333333333333 
0.11531666666666666 
0.11631666666666667 
0.11815 
0.11851666666666667 
0.11925 
0.1213 
0.1224 
0.12518333333333334 
0.12581666666666666 
0.1277 
0.13068333333333335 
0.13115 
0.13215 
0.13428333333333334 
0.13606666666666667 
0.13631666666666667 
0.13805 
0.13948333333333332 
0.1405 
0.14163333333333333 
0.14218333333333333 
0.14316666666666666 
0.14531666666666668 
0.1464 
0.1482 
0.15003333333333332 
0.15073333333333333 
0.15133333333333332 
0.15453333333333333 
0.15466666666666667 
0.1558 
0.15738333333333332 
0.15761666666666665 
0.15803333333333333 
0.15995 
0.16146666666666668 
0.16406666666666667 
0.16543333333333332 
0.16723333333333334 
0.16781666666666667 
0.16883333333333334 
0.16993333333333333 
0.17145 
0.17405 
0.17536666666666667 
0.17873333333333333 
0.18058333333333335 
0.18468333333333334 
0.1862 
0.18848333333333334 
0.18898333333333334 
0.189 
0.19121666666666667 
0.19386666666666666 
0.19456666666666667 
0.19748333333333334 
0.20055 
0.20183333333333334 
0.20195 
0.20265 
0.20268333333333333 
0.20545 
0.20758333333333334 
0.20823333333333333 
0.21161666666666668 
0.21251666666666666 
0.21508333333333332 
0.21731666666666666 
0.21896666666666667 
0.22315 
0.2258 
0.22695 
0.22928333333333334 
0.23155 
0.23266666666666666 
0.23298333333333332 
0.23965 
0.24313333333333334 
0.24343333333333333 
0.2468 
0.24723333333333333 
0.24945 
0.24963333333333335 
0.25183333333333335 
0.25193333333333334 
0.25195 
0.2520833333333333 
0.2526333333333333 
0.25493333333333335 
0.25551666666666667 
0.2578 
0.2578666666666667 
0.2599 
0.26048333333333334 
0.26245 
0.2633666666666667 
0.26445 
0.26671666666666666 
0.26675 
0.2679166666666667 
0.26953333333333335 
0.2711 
0.27116666666666667 
0.2721 
0.27376666666666666 
0.27571666666666667 
0.2781 
0.28286666666666666 
0.28358333333333335 
0.2842 
0.28628333333333333 
0.2878 
0.28786666666666666 
0.28863333333333335 
0.2895666666666667 
0.28973333333333334 
0.29168333333333335 
0.29281666666666667 
0.29356666666666664 
0.29406666666666664 
0.29513333333333336 
0.29515 
0.29801666666666665 
0.29868333333333336 
0.29895 
0.29901666666666665 
0.30133333333333334 
0.30225 
0.30315 
0.3045333333333333 
0.3057666666666667 
0.30978333333333335 
0.31083333333333335 
0.31233333333333335 
0.31445 
0.3151 
0.31515 
0.3167333333333333 
0.31743333333333335 
0.3184166666666667 
0.31983333333333336 
0.31993333333333335 
0.32275 
0.3231833333333333 
0.3265 
0.3274666666666667 
0.3281 
0.32935 
0.3338833333333333 
0.33645 
0.3376166666666667 
0.3384666666666667 
0.33935 
0.3396166666666667 
0.33976666666666666 
0.3443833333333333 
0.3458333333333333 
0.3460666666666667 
0.34795 
0.3492 
0.35036666666666666 
0.3514333333333333 
0.3522 
0.3545 
0.3545833333333333 
0.3553 
0.35588333333333333 
0.35783333333333334 
0.3585333333333333 
0.35891666666666666 
0.3594833333333333 
0.3607666666666667 
0.36106666666666665 
0.36128333333333335 
0.3615833333333333 
0.3631666666666667 
0.36561666666666665 
0.3657 
0.36593333333333333 
0.36693333333333333 
0.3672166666666667 
0.3673 
0.36956666666666665 
0.37046666666666667 
0.3708166666666667 
0.37161666666666665 
0.3728166666666667 
0.37605 
0.3762 
0.37675 
0.37705 
0.37775 
0.37826666666666664 
0.3806333333333333 
0.38188333333333335 
0.3822333333333333 
0.3831333333333333 
0.38376666666666664 
0.3842833333333333 
0.3846333333333333 
0.38561666666666666 
0.38613333333333333 
0.3868666666666667 
0.3874 
0.38781666666666664 
0.38821666666666665 
0.3884166666666667 
0.3894166666666667 
0.3896 
0.3907833333333333 
0.39088333333333336 
0.39138333333333336 
0.39271666666666666 
0.39448333333333335 
0.39575 
0.3969 
0.3970666666666667 
0.39776666666666666 
0.39808333333333334 
0.39935 
0.39948333333333336 
0.40173333333333333 
0.40426666666666666 
0.40445 
0.40453333333333336 
0.40546666666666664 
0.4058333333333333 
0.40623333333333334 
0.4068333333333333 
0.40745 
0.40803333333333336 
0.4093 
0.4094 
0.41035 
0.4111 
0.4124833333333333 
0.41331666666666667 
0.4147 
0.41655 
0.41738333333333333 
0.41783333333333333 
0.4179833333333333 
0.41831666666666667 
0.4196166666666667 
0.42125 
0.42235 
0.42261666666666664 
0.42383333333333334 
0.42628333333333335 
0.42746666666666666 
0.4274833333333333 
0.42766666666666664 
0.4286 
0.42883333333333334 
0.42888333333333334 
0.4307666666666667 
0.4315333333333333 
0.43266666666666664 
0.43295 
0.43366666666666664 
0.4339166666666667 
0.43461666666666665 
0.43678333333333336 
0.43751666666666666 
0.4382333333333333 
0.4393166666666667 
0.44043333333333334 
0.44106666666666666 
0.44255 
0.4434666666666667 
0.44371666666666665 
0.44485 
0.44583333333333336 
0.4478 
0.4485166666666667 
0.4502 
0.4518 
0.45235 
0.4524166666666667 
0.45345 
0.4553 
0.45585 
0.45698333333333335 
0.4589666666666667 
0.45966666666666667 
0.4605166666666667 
0.46063333333333334 
0.46105 
0.46195 
0.46323333333333333 
0.46355 
0.46445 
0.46463333333333334 
0.4649333333333333 
0.4650166666666667 
0.4662833333333333 
0.46655 
0.46796666666666664 
0.4681 
0.4683333333333333 
0.46863333333333335 
0.4687 
0.47028333333333333 
0.47105 
0.47178333333333333 
0.47226666666666667 
0.4724833333333333 
0.4727166666666667 
0.47273333333333334 
0.47331666666666666 
0.4743 
0.47473333333333334 
0.4750666666666667 
0.47555 
0.4756166666666667 
0.47578333333333334 
0.4763 
0.47741666666666666 
0.4776666666666667 
0.4779833333333333 
0.47806666666666664 
0.4786166666666667 
0.47875 
0.4788833333333333 
0.4791166666666667 
0.4796166666666667 
0.48018333333333335 
0.4806166666666667 
0.4806666666666667 
0.48123333333333335 
0.48156666666666664 
0.4817 
0.4817166666666667 
0.4821 
0.4824833333333333 
0.4831 
0.4831166666666667 
0.4843166666666667 
0.4844833333333333 
0.48491666666666666 
0.4851666666666667 
0.48568333333333336 
0.4858166666666667 
0.48588333333333333 
0.4859 
0.48625 
0.48743333333333333 
0.4881333333333333 
0.48861666666666664 
0.48878333333333335 
0.4889833333333333 
0.48951666666666666 
0.4902666666666667 
0.49105 
0.4913 
0.4916 
0.49196666666666666 
0.4925833333333333 
0.4927666666666667 
0.49346666666666666 
0.4940333333333333 
0.49411666666666665 
0.4942 
0.49583333333333335 
0.49601666666666666 
0.49606666666666666 
0.49623333333333336 
0.4963666666666667 
0.4971333333333333 
0.4973 
0.49751666666666666 
0.49755 
0.4976 
0.4989 
0.4989166666666667 
0.4993166666666667 
0.49946666666666667 
0.4996333333333333 
0.5006833333333334 
